lastAccountName: MattSoup
timestamps:
  login: 1572251798919
  logout: 1572251919267
  lastteleport: 1572177616769
ipAddress: 49.198.160.212
lastlocation:
  world: kitpvp1
  x: 0.3332916510618192
  y: 90.0
  z: 87.0668161534017
  yaw: 159.74739
  pitch: 20.249647
logoutlocation:
  world: kitpvp2
  x: 257.6125322978444
  y: 65.0
  z: 467.21112142251184
  yaw: 266.09567
  pitch: 36.749924
