spawns: 
  default: 
    world: world
    x: -43.57084618658717
    y: 83.5
    z: -1236.709932514433
    yaw: 182.1136
    pitch: 0.29974484
  roamer: 
    world: world
    x: -43.57084618658717
    y: 83.5
    z: -1236.709932514433
    yaw: 182.1136
    pitch: 0.29974484
  admin: 
    world: world
    x: -43.57084618658717
    y: 83.5
    z: -1236.709932514433
    yaw: 182.1136
    pitch: 0.29974484
  mod: 
    world: world
    x: -43.57084618658717
    y: 83.5
    z: -1236.709932514433
    yaw: 182.1136
    pitch: 0.29974484
