spawns: 
  default: 
    world: KitPVP_world
    x: -43.56474561024108
    y: 83.5
    z: -1238.5389991243894
    yaw: -178.65111
    pitch: -9.900015
