world: 704cc740-cd4f-4c8b-b050-bba6e0e48f8c
world-name: west
x: 70.76098678461129
y: 82.0
z: -88.80850881908438
yaw: 30.107004165649414
pitch: 21.161531448364258
name: battlerealm
lastowner: f0e7f028-4955-4dc8-8e40-d334ef0bd19a
