world: kitpvp2
x: 267.7237926277858
y: 72.0
z: 461.289458485161
yaw: 0.017578125
pitch: 4.049734
name: kitbattle
lastowner: f0e7f028-4955-4dc8-8e40-d334ef0bd19a
