world: 704cc740-cd4f-4c8b-b050-bba6e0e48f8c
world-name: west
x: 101.45392416452673
y: 107.0
z: -26.77441888261276
yaw: 131.10079956054688
pitch: 9.875619888305664
name: west
lastowner: f0e7f028-4955-4dc8-8e40-d334ef0bd19a
